0 0
0 0
0 0
2324.87 0
0 0
6647.55 1
0 0
12591.7 1
0 0
11798.7 0
0 0
21024.2 1
0 0
10688.4 0
0 0
8982.84 0
0 0
2535.35 0
0 0
72545.5 1
0 0
78359.9 1
0 0
73558.1 0
0 0
1819.96 0
0 0
3754.62 0
0 0
74032.2 0
0 0
68808.7 0
0 0
83565 0
0 0
88969 0
0 0
95504.1 1
0 0
130035 0
0 0
145319 1
0 0
145198 0
0 0
70473.5 0
0 0
120797 0
0 0
104916 0
0 0
133168 1
0 0
172430 1
0 0
246457 1
0 0
171300 1
0 0
190442 1
0 0
164319 1
0 0
181165 1
0 0
220717 0
0 0
169175 1
0 0
180947 1
0 0
278862 1
0 0
216223 1
0 0
295285 1
0 0
207974 1
0 0
205744 1
0 0
202616 1
0 0
200613 1
0 0
214711 1
0 0
218333 0
0 0
137303 1
0 0
233661 1
0 0
217634 1
0 0
219947 1
0 0
181178 1
0 0
246291 1
0 0
353449 1
0 0
263245 1
0 0
426932 1
0 0
313040 1
0 0
266513 1
0 0
257085 1
0 0
323062 1
0 0
289566 1
0 0
308333 1
0 0
466127 1
0 0
286239 1
0 0
301105 1
0 0
317297 1
0 0
278023 1
0 0
308710 1
0 0
195272 1
0 0
320552 1
0 0
326826 1
0 0
337680 1
0 0
379791 1
0 0
396371 1
0 0
607611 1
0 0
484849 1
0 0
383610 1
0 0
365453 0
0 0
131716 1
0 0
331511 1
0 0
308954 1
0 0
391253 1
0 0
476123 1
0 0
396063 1
0 0
529281 1
0 0
614317 1
0 0
781909 1
0 0
709397 1
0 0
487152 1
0 0
295473 1
0 0
410574 1
0 0
532431 1
0 0
581150 1
0 0
317503 1
0 0
618242 1
0 0
504683 1
0 0
469401 1
0 0
529839 1
0 0
577154 1
0 0
323961 1
0 0
37340.2 1
0 0
31863.6 1
0 0
318022 1
0 0
626531 1
0 0
490326 1
0 0
517770 1
0 0
552767 1
0 0
504825 1
0 0
676441 1
0 0
583499 1
0 0
786650 1
0 0
421966 1
0 0
496181 1
0 0
527318 1
0 0
548854 1
0 0
563510 1
0 0
804767 1
0 0
683730 1
0 0
802175 1
0 0
660238 1
0 0
684386 1
0 0
681993 1
0 0
560823 1
0 0
346028 1
0 0
256899 1
0 0
558942 1
0 0
586911 1
0 0
1.02743e+06 1
0 0
772288 1
0 0
673573 1
0 0
565302 1
0 0
707498 1
0 0
732185 1
0 0
772473 1
0 0
583289 1
0 0
376349 1
0 0
229896 1
0 0
404866 1
0 0
641017 1
0 0
779100 1
0 0
441584 1
0 0
609944 1
0 0
751179 1
0 0
731944 1
0 0
560519 1
0 0
473267 1
0 0
112861 1
0 0
7365.62 1
0 0
259152 1
0 0
637917 1
0 0
669463 1
0 0
1.0896e+06 1
0 0
673093 1
0 0
709783 1
0 0
860065 1
0 0
1.21558e+06 1
0 0
859862 1
0 0
427927 1
0 0
540354 1
0 0
1.08092e+06 1
0 0
677855 1
0 0
700563 1
0 0
768174 1
0 0
1.08579e+06 1
0 0
864958 1
0 0
860604 1
0 0
1.06074e+06 1
0 0
1.02648e+06 1
0 0
1.25878e+06 1
0 0
515503 1
0 0
695280 1
0 0
504170 1
0 0
795866 1
0 0
789420 1
0 0
974581 1
0 0
1.57357e+06 1
0 0
879570 1
0 0
854951 1
0 0
1.0704e+06 1
0 0
488331 1
0 0
35377.5 1
0 0
73474.5 1
0 0
535505 1
0 0
820963 1
0 0
811959 1
0 0
765388 1
0 0
1.10754e+06 1
0 0
848597 1
0 0
878721 1
0 0
1.18079e+06 1
0 0
1.15165e+06 1
0 0
471587 1
0 0
8869.86 1
0 0
707108 1
0 0
618322 1
0 0
799841 1
0 0
839820 1
0 0
807187 1
0 0
900608 1
0 0
1.00797e+06 1
0 0
1.36294e+06 1
0 0
1.08078e+06 1
0 0
895772 1
0 0
882195 1
0 0
127248 1
0 0
587281 1
0 0
1.0672e+06 1
0 0
834646 1
0 0
741245 1
0 0
1.19587e+06 1
0 0
858352 1
0 0
854357 1
0 0
884981 1
0 0
905606 1
0 0
972482 1
0 0
539481 1
0 0
807791 1
0 0
632846 1
0 0
511621 1
0 0
864501 1
0 0
993054 1
0 0
941051 1
0 0
859053 1
0 0
848603 1
0 0
985906 1
0 0
946916 1
0 0
1.0671e+06 1
0 0
519787 1
0 0
495122 1
0 0
418187 1
0 0
659145 1
0 0
879178 1
0 0
867393 1
0 0
720830 1
0 0
699558 1
0 0
1.00295e+06 1
0 0
1.23935e+06 1
0 0
1.09718e+06 1
0 0
960810 1
0 0
1.0644e+06 1
0 0
636806 1
0 0
148572 1
0 0
27974.8 1
0 0
492349 1
0 0
668214 1
0 0
965908 1
0 0
1.13669e+06 1
0 0
1.03011e+06 1
0 0
1.34076e+06 1
0 0
982917 1
0 0
1.16268e+06 1
0 0
1.26624e+06 1
0 0
936685 1
0 0
65370 1
0 0
150981 1
0 0
457909 1
0 0
943081 1
0 0
668141 1
0 0
768170 1
0 0
1.01651e+06 1
0 0
1.7412e+06 1
0 0
1.73834e+06 1
0 0
1.21236e+06 1
0 0
1.1415e+06 1
0 0
1.10347e+06 1
0 0
595828 1
0 0
172547 1
0 0
648814 1
0 0
1.00367e+06 1
0 0
680498 1
0 0
73732.5 1
0 0
806821 1
0 0
1.60841e+06 1
0 0
1.12709e+06 1
0 0
1.04704e+06 1
0 0
1.15189e+06 1
0 0
722815 1
0 0
1.01343e+06 1
0 0
1.07503e+06 1
0 0
1.11029e+06 1
0 0
930359 1
0 0
1.01073e+06 1
0 0
1.10307e+06 1
0 0
444432 1
0 0
534907 1
0 0
44060.7 1
0 0
1.0464e+06 1
0 0
1.0691e+06 1
0 0
953071 1
0 0
1.06265e+06 1
0 0
959093 1
0 0
667327 1
0 0
1.26781e+06 1
0 0
727199 1
0 0
505729 1
0 0
808500 1
0 0
148200 1
0 0
273455 1
0 0
844662 1
0 0
939535 1
0 0
909321 1
0 0
1.11023e+06 1
0 0
1.1414e+06 1
0 0
1.24681e+06 1
0 0
533868 1
0 0
469422 1
0 0
22787.2 1
0 0
1.07739e+06 1
0 0
1.01942e+06 1
0 0
1.30179e+06 1
0 0
1.22926e+06 1
0 0
1.1982e+06 1
0 0
1.24824e+06 1
0 0
1.24513e+06 1
0 0
1.195e+06 1
0 0
1.18892e+06 1
0 0
808489 1
0 0
268008 1
0 0
822008 1
0 0
397707 1
0 0
1.13161e+06 1
0 0
1.15669e+06 1
0 0
1.18688e+06 1
0 0
1.2902e+06 1
0 0
1.73823e+06 1
0 0
1.44549e+06 1
0 0
1.52946e+06 1
0 0
785977 1
0 0
48630.2 1
0 0
557320 1
0 0
1.1177e+06 1
0 0
914000 1
0 0
1.23665e+06 1
0 0
1.26751e+06 1
0 0
1.25956e+06 1
0 0
878250 1
0 0
1.88568e+06 1
0 0
2.17243e+06 1
0 0
1.48399e+06 1
0 0
1.20089e+06 1
0 0
727303 1
0 0
247716 1
0 0
1.22253e+06 1
0 0
1.25079e+06 1
0 0
1.29325e+06 1
0 0
1.26174e+06 1
0 0
735797 1
0 0
1.53504e+06 1
0 0
1.66799e+06 1
0 0
1.6002e+06 1
0 0
1.34005e+06 1
0 0
1.14265e+06 1
0 0
266300 1
0 0
1.2044e+06 1
0 0
921044 1
0 0
1.4972e+06 1
0 0
1.39129e+06 1
0 0
740391 1
0 0
1.28954e+06 1
0 0
1.31987e+06 1
0 0
1.42632e+06 1
0 0
1.5557e+06 1
0 0
1.43389e+06 1
0 0
967215 1
0 0
654560 1
0 0
18811 1
0 0
823154 1
0 0
1.71589e+06 1
0 0
798966 1
0 0
1.09194e+06 1
0 0
1.10978e+06 1
0 0
1.42238e+06 1
0 0
1.29655e+06 1
0 0
1.32714e+06 1
0 0
1.29914e+06 1
0 0
566405 1
0 0
10722 1
0 0
3727.99 1
0 0
87888.1 1
0 0
1.32703e+06 1
0 0
1.47594e+06 1
0 0
1.34097e+06 1
0 0
1.35547e+06 1
0 0
1.37648e+06 1
0 0
1.61515e+06 1
0 0
3.52926e+06 1
0 0
1.08534e+06 1
0 0
173673 1
0 0
4583.64 1
0 0
627602 1
0 0
1.3722e+06 1
0 0
1.42317e+06 1
0 0
1.58589e+06 1
0 0
1.44436e+06 1
0 0
1.3739e+06 1
0 0
1.54527e+06 1
0 0
1.79187e+06 1
0 0
2.27522e+06 1
0 0
1.71717e+06 1
0 0
832920 1
0 0
65655.3 1
0 0
665458 1
0 0
1.45397e+06 1
0 0
1.52281e+06 1
0 0
1.8258e+06 1
0 0
1.41212e+06 1
0 0
1.40263e+06 1
0 0
1.41231e+06 1
0 0
1.41991e+06 1
0 0
1.6515e+06 1
0 0
1.56162e+06 1
0 0
423871 1
0 0
100837 1
0 0
1.36043e+06 1
0 0
1.41159e+06 1
0 0
1.4867e+06 1
0 0
1.48931e+06 1
0 0
1.44696e+06 1
0 0
1.66397e+06 1
0 0
1.76059e+06 1
0 0
1.96933e+06 1
0 0
1.49974e+06 1
0 0
617153 1
0 0
746241 1
0 0
516722 1
0 0
998714 1
0 0
1.36166e+06 1
0 0
1.64782e+06 1
0 0
1.2493e+06 1
0 0
1.10407e+06 1
0 0
468685 1
0 0
1.55291e+06 1
0 0
1.63448e+06 1
0 0
1.08977e+06 1
0 0
58997.9 1
0 0
51611.2 1
0 0
78162.3 1
0 0
704045 1
0 0
1.48097e+06 1
0 0
1.74636e+06 1
0 0
1.52969e+06 1
0 0
1.44839e+06 1
0 0
1.55728e+06 1
0 0
752016 1
0 0
1.71912e+06 1
0 0
907774 1
0 0
7181.67 1
0 0
93312.6 1
0 0
694005 1
0 0
924657 1
0 0
1.12623e+06 1
0 0
1.50335e+06 1
0 0
444500 1
0 0
1.49407e+06 1
0 0
2.0985e+06 1
0 0
922839 1
0 0
283958 1
0 0
432564 1
0 0
389276 1
0 0
725351 1
0 0
1.59744e+06 1
0 0
1.18267e+06 1
0 0
1.51654e+06 1
0 0
1.21902e+06 1
0 0
1.53758e+06 1
0 0
742167 1
0 0
1.50206e+06 1
0 0
931755 1
0 0
65212.5 1
0 0
1.47075e+06 1
0 0
726898 1
0 0
1.60698e+06 1
0 0
1.55382e+06 1
0 0
1.62758e+06 1
0 0
1.55663e+06 1
0 0
1.31172e+06 1
0 0
763076 1
0 0
1.07726e+06 1
0 0
298721 1
0 0
6781.12 1
0 0
944625 1
0 0
1.94117e+06 1
0 0
1.60777e+06 1
0 0
2.0894e+06 1
0 0
1.62446e+06 1
0 0
1.64968e+06 1
0 0
1.66954e+06 1
0 0
1.79302e+06 1
0 0
3.40941e+06 1
0 0
2.06631e+06 1
0 0
1.18864e+06 1
0 0
335290 1
0 0
1.21349e+06 1
0 0
1.58991e+06 1
0 0
1.72238e+06 1
0 0
1.59129e+06 1
0 0
1.04517e+06 1
0 0
2.2803e+06 1
0 0
1.8976e+06 1
0 0
2.04496e+06 1
0 0
1.60707e+06 1
0 0
697277 1
0 0
603.176 1
0 0
774847 1
0 0
1.57387e+06 1
0 0
1.15331e+06 1
0 0
1.09538e+06 1
0 0
220292 1
0 0
1.60373e+06 1
0 0
1.69147e+06 1
0 0
1.92118e+06 1
0 0
1.61547e+06 1
0 0
1.1392e+06 1
0 0
711073 1
0 0
229942 1
0 0
781525 1
0 0
1.62508e+06 1
0 0
1.66589e+06 1
0 0
1.6189e+06 1
0 0
1.14189e+06 1
0 0
784447 1
0 0
774233 1
0 0
1.17224e+06 1
0 0
1.1001e+06 1
0 0
152148 1
0 0
6341.51 1
0 0
377643 1
0 0
767764 1
0 0
809699 1
0 0
1.75918e+06 1
0 0
1.73695e+06 1
0 0
993937 1
0 0
1.52926e+06 1
0 0
809866 1
0 0
1.03899e+06 1
0 0
52179.9 1
0 0
3744.57 1
0 0
137984 1
0 0
387122 1
0 0
1.2304e+06 1
0 0
1.77485e+06 1
0 0
1.66142e+06 1
0 0
832501 1
0 0
1.75674e+06 1
0 0
1.73032e+06 1
0 0
971083 1
0 0
22690.8 1
0 0
53180 1
0 0
141043 1
0 0
1.25581e+06 1
0 0
1.85631e+06 1
0 0
1.31009e+06 1
0 0
1.77722e+06 1
0 0
1.89476e+06 1
0 0
2.00567e+06 1
0 0
1.55704e+06 1
0 0
836902 1
0 0
13051.6 1
0 0
837232 1
0 0
1.33369e+06 1
0 0
746166 1
0 0
1.00251e+06 1
0 0
859468 1
0 0
1.11218e+06 1
0 0
505947 1
0 0
573896 1
0 0
1.88997e+06 1
0 0
1.82495e+06 1
0 0
1.10189e+06 1
0 0
1.36039e+06 1
0 0
1.09362e+06 1
0 0
876938 1
0 0
1.39908e+06 1
0 0
306636 1
0 0
190881 1
0 0
1.7702e+06 1
0 0
1.33675e+06 1
0 0
1.15771e+06 1
0 0
1.49404e+06 1
0 0
301296 1
0 0
873798 1
0 0
1.30093e+06 0
0 0
213434 1
0 0
870484 1
0 0
1.83982e+06 1
0 0
1.85278e+06 1
0 0
1.84257e+06 1
0 0
1.81876e+06 1
0 0
878832 1
0 0
1.85714e+06 1
0 0
1.88544e+06 1
0 0
1.36824e+06 1
0 0
119338 1
0 0
840.294 1
0 0
825346 1
0 0
1.59595e+06 1
0 0
181004 1
0 0
51534.5 1
0 0
167923 1
0 0
888219 1
0 0
1.74792e+06 1
0 0
263013 1
0 0
366134 1
0 0
828783 1
0 0
1.03028e+06 1
0 0
186950 1
0 0
1.87868e+06 1
0 0
1.89422e+06 1
0 0
446023 1
0 0
179623 1
0 0
907082 1
0 0
1.27416e+06 1
0 0
969614 1
0 0
26755.1 1
0 0
2539.51 1
0 0
3778.14 1
0 0
7036.46 1
0 0
262591 1
0 0
729931 1
0 0
601119 1
0 0
720426 1
0 0
1.38325e+06 1
0 0
1.03708e+06 1
0 0
1.82325e+06 1
0 0
352525 1
0 0
127856 1
0 0
119312 1
0 0
14317.4 1
0 0
176172 1
0 0
663872 1
0 0
704211 1
0 0
932236 1
0 0
1.20161e+06 1
0 0
544474 1
0 0
1.56665e+06 1
0 0
2.21911e+06 0
0 0
253855 1
0 0
700049 1
0 0
861551 0
0 0
1.97045e+06 0
0 0
1.59586e+06 1
0 0
153621 1
0 0
85291.5 1
0 0
1.95502e+06 1
0 0
1.22133e+06 0
0 0
951669 1
0 0
1.94371e+06 1
0 0
97288.7 1
0 0
68667.5 1
0 0
955028 0
0 0
1.23223e+06 1
0 0
51451.2 1
0 0
193682 1
0 0
974752 1
0 0
1.27216e+06 0
0 0
23735.2 1
0 0
117114 1
0 0
387882 0
0 0
88970.3 1
0 0
14213.4 1
0 0
23897.3 1
0 0
971319 1
0 0
1.25357e+06 1
0 0
981700 0
0 0
2.03211e+06 1
0 0
2.16573e+06 0
0 0
2.00885e+06 1
0 0
1.06419e+06 1
0 0
1.42558e+06 1
0 0
1.49178e+06 1
0 0
286554 1
0 0
199334 1
0 0
27077.5 1
0 0
87824.6 1
0 0
1.03366e+06 1
0 0
391512 1
0 0
529729 1
0 0
327195 1
0 0
460744 1
0 0
130401 1
0 0
1.00687e+06 1
0 0
2.08482e+06 1
0 0
1.00556e+06 1
0 0
3769.95 1
0 0
7266.66 0
0 0
14171 1
0 0
22068.8 1
0 0
267245 1
0 0
301895 1
0 0
844883 1
0 0
2.08023e+06 1
0 0
1.45543e+06 1
0 0
606297 1
0 0
2.02048e+06 1
0 0
1.17013e+06 1
0 0
1905.68 1
0 0
3755.29 1
0 0
1688.45 1
0 0
5863.86 1
0 0
1.03105e+06 1
0 0
1.01554e+06 1
0 0
477182 1
0 0
914950 1
0 0
1.77368e+06 1
0 0
194819 1
0 0
159395 1
0 0
37813.8 1
0 0
2913.26 1
0 0
1347.88 1
0 0
3463.7 1
0 0
31849.5 1
0 0
94153.4 1
0 0
68170.4 1
0 0
780790 1
0 0
1.36458e+06 1
0 0
72882.8 1
0 0
16375.5 1
0 0
3490.5 1
0 0
8029.36 1
0 0
7886.69 1
0 0
29304.8 1
0 0
21702 1
0 0
17648.1 1
0 0
278929 1
0 0
425692 1
0 0
74032.6 1
0 0
10309.2 1
0 0
16892.3 1
0 0
566.738 1
0 0
17808.7 1
0 0
18870.4 1
0 0
330997 1
0 0
489640 1
0 0
757913 1
0 0
976896 1
0 0
85101.9 1
0 0
65524.4 1
0 0
760.992 1
0 0
1402.41 1
0 0
9678.3 1
0 0
58389.5 1
0 0
191452 1
0 0
955515 1
0 0
1.16944e+06 1
0 0
48809.9 1
0 0
468124 1
0 0
96439.8 1
0 0
17124 1
0 0
23458.9 1
0 0
1.09938e+06 1
0 0
1.41685e+06 1
0 0
159118 1
0 0
422740 1
0 0
1.10605e+06 1
0 0
1.91535e+06 1
0 0
368493 1
0 0
520894 1
0 0
32426.3 1
0 0
11200.7 1
0 0
89021.5 1
0 0
71177.6 1
0 0
41945.5 1
0 0
825890 1
0 0
1.00661e+06 1
0 0
41724.1 1
0 0
114887 1
0 0
23465.1 1
0 0
58546.4 1
0 0
11991.4 1
0 0
966.991 1
0 0
1617 1
0 0
52947.2 1
0 0
197421 1
0 0
997457 1
0 0
1.17582e+06 1
0 0
40955.8 1
0 0
104588 1
0 0
136292 1
0 0
3199.24 1
0 0
1188.91 1
0 0
4735.42 1
0 0
790.965 1
0 0
10426.3 1
0 0
129741 1
0 0
61411.3 1
0 0
39029 1
0 0
106311 1
0 0
4648.23 1
0 0
871.8 1
0 0
1327.56 1
0 0
991668 1
0 0
1.45395e+06 1
0 0
13486.8 1
0 0
2992.07 1
0 0
1.23594e+06 1
0 0
2.50758e+06 1
0 0
1.2177e+06 1
0 0
2.49987e+06 1
0 0
479798 1
0 0
7349.61 1
0 0
11399.7 1
0 0
271.132 1
0 0
12970.5 1
0 0
227311 1
0 0
104528 1
0 0
1.23255e+06 1
0 0
2.54345e+06 1
0 0
1.27335e+06 1
0 0
1.24242e+06 1
0 0
329439 1
0 0
1.28794e+06 1
0 0
28970.7 1
0 0
2159.55 1
0 0
8053.77 1
0 0
25561.5 1
0 0
1.21111e+06 1
0 0
1.55556e+06 1
0 0
299335 1
0 0
708279 1
0 0
160652 1
0 0
22715.2 1
0 0
6284.93 1
0 0
110386 1
0 0
321777 1
0 0
40656.2 1
0 0
94204 1
0 0
2.47909e+06 1
0 0
1.09059e+06 1
0 0
477617 1
0 0
229482 1
0 0
95482.5 1
0 0
245.385 1
0 0
143.564 0
0 0
5700.68 1
0 0
26439.8 1
0 0
32890.8 1
0 0
28425.1 1
0 0
30556.6 1
0 0
258966 1
0 0
467700 1
0 0
27881.7 1
0 0
2248.24 1
0 0
4377.38 1
0 0
77661.4 1
0 0
258439 1
0 0
16533.6 1
0 0
29220.5 1
0 0
164490 1
0 0
26008.6 1
0 0
35856.7 1
0 0
27818.1 1
0 0
1890.23 1
0 0
43011 1
0 0
21222.7 1
0 0
3826.89 1
0 0
24448.9 1
0 0
2.56233e+06 1
0 0
1.26162e+06 1
0 0
1.61857e+06 1
0 0
172579 1
0 0
238193 1
0 0
2218.36 1
0 0
2049.12 1
0 0
5737.63 1
0 0
10513.4 1
0 0
8730.04 1
0 0
6206.73 1
0 0
4297.81 1
0 0
14447.6 1
0 0
42873.7 1
0 0
4996.57 1
0 0
2557.45 1
0 0
3097.28 1
0 0
3234.44 1
0 0
6109.23 1
0 0
3204.09 1
0 0
4721.48 1
0 0
1801.29 1
0 0
1825.02 1
0 0
730.252 1
0 0
618.771 1
0 0
354.696 1
0 0
4043.87 1
0 0
15550.9 1
0 0
347.355 1
0 0
116765 0
0 0
113445 1
0 0
920309 1
0 0
1.12645e+06 1
0 0
11001.7 0
0 0
2145.88 1
0 0
6335 1
0 0
8385.88 1
0 0
849841 1
0 0
1.02723e+06 1
0 0
6424.49 1
0 0
256843 1
0 0
341136 1
0 0
31846.9 1
0 0
39885.3 1
0 0
127713 1
0 0
4160.68 1
0 0
16939.7 1
0 0
46841.5 1
0 0
214581 1
0 0
1.33521e+06 1
0 0
1.74589e+06 1
0 0
402767 1
0 0
2.78424e+06 1
0 0
1.1977e+06 1
0 0
2.1313e+06 1
0 0
426479 1
0 0
219088 1
0 0
1.07454e+06 1
0 0
784063 1
0 0
31030.9 1
0 0
219756 1
0 0
610735 1
0 0
1.08159e+06 1
0 0
193214 1
0 0
576950 1
0 0
84338.7 1
0 0
25104.5 1
0 0
77933.2 1
0 0
15449 1
0 0
26412.2 1
0 0
5368.72 1
0 0
10944.3 1
0 0
44460.7 1
0 0
14915.1 1
0 0
28689.1 1
0 0
144190 1
0 0
1.00797e+06 1
0 0
74529.3 1
0 0
8510.21 1
0 0
17263.7 1
0 0
2690.03 1
0 0
5761.44 1
0 0
15609.7 1
0 0
12811.3 1
0 0
17395.2 1
0 0
184.211 1
0 0
147.779 1
0 0
1088.03 1
0 0
5641.86 1
0 0
7587.86 1
0 0
3976.07 1
0 0
19515.7 1
0 0
36054.5 1
0 0
4976.2 1
0 0
853.082 1
0 0
4192.63 1
0 0
1182.1 1
0 0
2530.62 1
0 0
14344.1 1
0 0
1.40293e+06 1
0 0
2.87999e+06 1
0 0
1.61559e+06 1
0 0
121612 1
0 0
103150 1
0 0
6134.39 1
0 0
27752.8 1
0 0
119515 1
0 0
31923.7 1
0 0
108314 1
0 0
25247.2 1
0 0
37532.5 1
0 0
46554.3 1
0 0
19723.5 1
0 0
266294 1
0 0
588665 1
0 0
291914 1
0 0
190004 1
0 0
39054.6 1
0 0
462279 1
0 0
30373.1 1
0 0
866553 1
0 0
1.05751e+06 1
0 0
554069 1
0 0
588757 1
0 0
17428.3 1
0 0
44015 1
0 0
58464.7 1
0 0
111635 1
0 0
13757.2 1
0 0
223008 1
0 0
94801.7 1
0 0
1.45222e+06 1
0 0
3.0055e+06 1
0 0
3.06475e+06 1
0 0
1.28989e+06 1
0 0
8599.46 1
0 0
38583.1 1
0 0
40394.4 1
0 0
17876.6 1
0 0
5743.24 1
0 0
9110.51 1
0 0
33375 1
0 0
1.0633e+06 1
0 0
1.30521e+06 1
0 0
93624.7 1
0 0
2654.94 1
0 0
5142.34 1
0 0
4472.54 1
0 0
16758.2 1
0 0
18418.8 1
0 0
123888 1
0 0
279738 1
0 0
245213 1
0 0
1.03487e+06 1
0 0
6946.32 1
0 0
7076.16 1
0 0
75256.2 1
0 0
18546.4 1
0 0
2195.24 1
0 0
10756.7 1
0 0
31559.3 1
0 0
319.753 1
0 0
167.951 1
0 0
111.982 1
0 0
2825.55 1
0 0
38915.5 1
0 0
3173.64 1
0 0
2489.68 1
0 0
12553.3 1
0 0
24233.3 1
0 0
84526.3 1
0 0
1084 1
0 0
1421.36 1
0 0
7184.94 1
0 0
30319 1
0 0
35431.1 1
0 0
27037.2 1
0 0
116375 1
0 0
3639.26 1
0 0
1.64604e+06 1
0 0
2.11328e+06 1
0 0
1.73029e+06 1
0 0
2.25038e+06 1
0 0
66457 1
0 0
29334.6 1
0 0
82920.1 1
0 0
18874.9 1
0 0
3694.42 1
0 0
1.55221e+06 1
0 0
2.66304e+06 1
0 0
387420 1
0 0
2885.75 1
0 0
254.448 1
0 0
694.429 1
0 0
1411.38 1
0 0
934.269 1
0 0
15712.4 1
0 0
127516 1
0 0
157728 1
0 0
40706.8 1
0 0
10543.5 1
0 0
1901.9 1
0 0
2168.08 1
0 0
793.017 1
0 0
1.0767e+06 1
0 0
1.31521e+06 1
0 0
3959.48 1
0 0
502736 1
0 0
270140 1
0 0
2403.89 1
0 0
233332 1
0 0
604935 1
0 0
3.19903e+06 1
0 0
1.03511e+06 1
0 0
631320 1
0 0
29455.2 1
0 0
43295.8 1
0 0
49390.7 1
0 0
33581.6 1
0 0
42069.6 1
0 0
9014.03 1
0 0
20355.4 1
0 0
7774.34 1
0 0
2195.78 1
0 0
4913.7 1
0 0
10069.8 1
0 0
10764 1
0 0
1704.21 1
0 0
60215.7 1
0 0
48569.9 1
0 0
2642.24 0
0 0
7597.1 1
0 0
277437 1
0 0
249569 1
0 0
9480.65 1
0 0
15410.5 1
0 0
98967 1
0 0
389999 1
0 0
3.3099e+06 1
0 0
1.70492e+06 1
0 0
223370 1
0 0
142643 1
0 0
134067 1
0 0
155395 1
0 0
70379.2 1
0 0
30918.1 1
0 0
41354.8 1
0 0
8188.11 1
0 0
6065.99 1
0 0
15208.5 1
0 0
1339.39 1
0 0
591030 1
0 0
1.31489e+06 1
0 0
9765.24 1
0 0
13627.1 1
0 0
2224.2 1
0 0
34928.8 1
0 0
189675 1
0 0
29326.1 1
0 0
2071.42 1
0 0
729.975 1
0 0
209792 1
0 0
470539 1
0 0
118006 1
0 0
35778.4 0
0 0
1.17219e+06 1
0 0
2.2716e+06 1
0 0
89969 1
0 0
6041.08 1
0 0
10055.6 1
0 0
3009.9 1
0 0
2979.74 1
0 0
17697.1 1
0 0
42509.5 0
0 0
1.4068e+06 1
0 0
58599.3 1
0 0
2497.67 1
0 0
39161.8 1
0 0
87229.8 1
0 0
51747.5 1
0 0
19301.3 1
0 0
40591.3 1
0 0
16017.5 1
0 0
997.762 1
0 0
3014.39 1
0 0
1313.68 1
0 0
959.943 1
0 0
2628.25 1
0 0
2158.86 1
0 0
29236.5 1
0 0
11411.9 1
0 0
16795.9 1
0 0
6982.5 1
0 0
1896.45 1
0 0
970.161 1
0 0
309676 1
0 0
416156 1
0 0
35253.2 1
0 0
63569.9 1
0 0
320383 1
0 0
632632 1
0 0
1.35282e+06 1
0 0
1.39134e+06 1
0 0
3304.46 1
0 0
279.377 1
0 0
6919.7 1
0 0
524295 1
0 0
1.09035e+06 1
0 0
87052.4 1
0 0
3696.8 1
0 0
111960 1
0 0
370922 1
0 0
49317.1 1
0 0
17919.8 1
0 0
12293.9 1
0 0
63195.6 1
0 0
31628.9 1
0 0
9261.99 1
0 0
3658.76 1
0 0
6392.15 1
0 0
18139.2 1
0 0
3807.62 1
0 0
1281.44 1
0 0
539.674 1
0 0
1662.36 1
0 0
839.195 1
0 0
1559.71 1
0 0
2955.21 1
0 0
644332 1
0 0
859562 1
0 0
134974 1
0 0
198739 1
0 0
26926.6 1
0 0
21898 1
0 0
1174.27 1
0 0
2087.09 1
0 0
1.75544e+06 1
0 0
2.25935e+06 1
0 0
22747.9 1
0 0
62394.9 1
0 0
111935 1
0 0
1.85894e+06 1
0 0
2.37808e+06 1
0 0
8758.66 1
0 0
234670 1
0 0
49938.8 1
0 0
137277 1
0 0
187192 1
0 0
6615.16 1
0 0
6215.59 1
0 0
4811.42 1
0 0
2260.2 1
0 0
3125.29 1
0 0
9151.82 1
0 0
47475.6 1
0 0
78062.8 1
0 0
9246.73 1
0 0
16300.8 1
0 0
8063.82 1
0 0
14695.7 1
0 0
43288 1
0 0
12176.9 1
0 0
5834.45 1
0 0
4554.86 1
0 0
1295.1 1
0 0
108283 1
0 0
261181 1
0 0
465563 1
0 0
149868 1
0 0
3433.99 1
0 0
19336.1 1
0 0
3.71384e+06 1
0 0
778015 1
0 0
245916 1
0 0
57942.5 1
0 0
32748.7 1
0 0
137005 1
0 0
107008 1
0 0
491.852 1
0 0
2345.9 1
0 0
4569.18 1
0 0
1.93144e+06 1
0 0
2.48079e+06 1
0 0
600238 1
0 0
1.80435e+06 1
0 0
63140 1
0 0
89927.5 1
0 0
31180.8 1
0 0
44243.6 1
0 0
1093.34 1
0 0
2635.43 1
0 0
1.30802e+06 1
0 0
2.37323e+06 1
0 0
85891.4 1
0 0
1.378e+06 1
0 0
1.69607e+06 1
0 0
5706.23 1
0 0
286.468 1
0 0
588.318 1
0 0
315.318 1
0 0
171.248 1
0 0
1.10582e+06 1
0 0
1.59917e+06 1
0 0
221071 1
0 0
36506.3 1
0 0
207216 1
0 0
2.16007e+06 1
0 0
3.19808e+06 1
0 0
90882 1
0 0
47066.4 1
0 0
124563 1
0 0
213076 1
0 0
14160.4 1
0 0
11359.8 1
0 0
13682 1
0 0
10159.2 1
0 0
227912 1
0 0
407983 0
0 0
177818 1
0 0
11031.4 1
0 0
6508.94 1
0 0
1.43101e+06 1
0 0
1.88198e+06 1
0 0
6561.29 0
0 0
5710.2 1
0 0
11681.7 1
0 0
9747.15 1
0 0
17094 1
0 0
4138.26 1
0 0
218479 1
0 0
309961 1
0 0
1998.06 1
0 0
7283.86 1
0 0
1845.58 1
0 0
1497.63 1
0 0
2307.54 1
0 0
64273.2 1
0 0
231412 1
0 0
1.88908e+06 1
0 0
2.42988e+06 1
0 0
68590 1
0 0
9576.5 1
0 0
33622.6 1
0 0
149006 1
0 0
101826 1
0 0
35244.6 1
0 0
46361.4 1
0 0
88391.8 1
0 0
302105 1
0 0
3524.51 1
0 0
181108 1
0 0
234075 1
0 0
2183.9 1
0 0
4261.09 1
0 0
47878.7 1
0 0
147160 1
0 0
10244.2 1
0 0
39243.1 1
0 0
73.3161 1
0 0
1.9317e+06 1
0 0
2.38469e+06 1
0 0
1.34748e+06 1
0 0
287574 1
0 0
8244.71 1
0 0
32644.4 1
0 0
150048 1
0 0
28742.2 1
0 0
26833.7 1
0 0
5206.67 1
0 0
12880.8 1
0 0
2875.85 1
0 0
2921.88 1
0 0
43307.1 1
0 0
68904 1
0 0
4782.78 1
0 0
64335.8 1
0 0
245613 1
0 0
8808.83 1
0 0
142673 1
0 0
113945 1
0 0
2378.67 1
0 0
9388.17 1
0 0
23.9503 1
0 0
1984.92 1
0 0
11927 1
0 0
8139.01 1
0 0
4927.1 1
0 0
563.599 1
0 0
1028.84 1
0 0
3368.04 1
0 0
332.383 1
0 0
449.252 1
0 0
230.066 1
0 0
740.205 1
0 0
18200.4 1
0 0
85048.7 1
0 0
184.734 1
0 0
261.688 1
0 0
379.739 1
0 0
9616.5 1
0 0
133992 1
0 0
98553.3 1
0 0
84071 1
0 0
3871.22 0
0 0
1855.46 0
0 0
3573.19 1
0 0
1280.01 1
0 0
1336.95 1
0 0
10614.5 1
0 0
43900.8 1
0 0
1343.27 1
0 0
19059.4 1
0 0
11656.3 1
0 0
691.656 1
0 0
1454.22 1
0 0
6023.16 1
0 0
27644.6 1
0 0
3954.14 1
0 0
8112.37 1
0 0
2689.28 1
0 0
1825.67 1
0 0
16823.8 1
0 0
29965.1 1
0 0
291.089 1
0 0
159.571 1
0 0
2.01619e+06 1
0 0
4.24244e+06 1
0 0
146136 1
0 0
4556.55 1
0 0
333.549 1
0 0
226.723 1
0 0
147030 1
0 0
216120 1
0 0
324210 1
0 0
92759.9 1
0 0
8102.32 1
0 0
35089.1 1
0 0
971.825 1
0 0
12031 1
0 0
37793.4 1
0 0
6376.73 1
0 0
3340.07 1
0 0
14289.7 1
0 0
2.13652e+06 1
0 0
4.39584e+06 1
0 0
2.62026e+06 1
0 0
8250.37 1
0 0
16722.9 1
0 0
42499.7 1
0 0
52928.4 1
0 0
36292.7 1
0 0
872231 1
0 0
1.92109e+06 1
0 0
846371 1
0 0
405522 1
0 0
9324.41 1
0 0
10715.5 1
0 0
22665 1
0 0
2341.14 1
0 0
6844.95 1
0 0
14864 1
0 0
229563 1
0 0
122077 1
0 0
1969.18 1
0 0
747.704 1
0 0
1455.06 1
0 0
6030.14 1
0 0
38686.3 1
0 0
78785.9 1
0 0
30291.8 1
0 0
20751.3 1
0 0
9656.17 1
0 0
13116.3 1
0 0
39717.7 1
0 0
1472.26 1
0 0
35991.9 1
0 0
397911 1
0 0
117536 1
0 0
264531 1
0 0
361389 1
0 0
1344.14 1
0 0
428.904 0
0 0
174.363 1
0 0
928.182 1
0 0
1551.39 1
0 0
34022.2 1
0 0
107639 1
0 0
2.11506e+06 1
0 0
2.71837e+06 1
0 0
9573.88 1
0 0
14856.5 1
0 0
486.114 1
0 0
1783.53 1
0 0
23749.2 1
0 0
2.23462e+06 1
0 0
2.97308e+06 1
0 0
5.18013e+06 1
0 0
2.86067e+06 0
0 0
9554.75 1
0 0
8819.98 1
0 0
2.20671e+06 1
0 0
4.10792e+06 1
0 0
4.38804e+06 1
0 0
4.52116e+06 1
0 0
2.14305e+06 1
0 0
658194 1
0 0
149519 1
0 0
219153 1
0 0
2.12891e+06 1
0 0
2.73866e+06 1
0 0
202301 1
0 0
2.16664e+06 1
0 0
2.77128e+06 1
0 0
6822.96 1
0 0
21807.9 1
0 0
56960.1 1
0 0
416448 1
0 0
1.03646e+06 1
0 0
15324.2 1
0 0
93950.6 1
0 0
742181 1
0 0
557399 1
0 0
9501.36 1
0 0
2.14744e+06 1
0 0
4.48923e+06 1
0 0
539895 1
0 0
1.39033e+06 1
0 0
469782 1
0 0
530888 1
0 0
1.15057e+06 1
0 0
887054 1
0 0
268224 1
0 0
400968 1
0 0
19795.9 1
0 0
3500.49 1
0 0
2.16374e+06 1
0 0
2.784e+06 1
0 0
56268.4 1
0 0
62186.1 1
0 0
184231 1
0 0
2.16861e+06 1
0 0
4.39872e+06 1
0 0
1.45476e+06 1
0 0
1.79661e+06 1
0 0
139043 1
0 0
151122 1
0 0
163733 0
0 0
2155.4 1
0 0
417 1
0 0
160790 1
0 0
764387 1
0 0
2.20036e+06 1
0 0
2.81962e+06 1
0 0
436229 1
0 0
133456 1
0 0
35302.6 1
0 0
11583.6 1
0 0
33062.3 1
0 0
5723.7 1
0 0
1.20546e+06 1
0 0
2.04698e+06 1
0 0
953159 1
0 0
13032.3 1
0 0
1157.59 1
0 0
918.002 1
0 0
945.6 1
0 0
1197.18 1
0 0
5078.68 1
0 0
9167.02 1
0 0
3136.97 1
0 0
24906.9 1
0 0
4.50693e+06 1
0 0
802274 1
0 0
171.182 1
0 0
109.232 1
0 0
266585 1
0 0
4.57151e+06 1
0 0
1.15246e+06 1
0 0
291741 1
0 0
118575 1
0 0
36132.2 1
0 0
15560.6 1
0 0
17928.6 1
0 0
154350 1
0 0
4.61911e+06 1
0 0
2.8572e+06 1
0 0
260321 1
0 0
860418 1
0 0
71656.2 1
0 0
312155 1
0 0
227374 1
0 0
26136 1
0 0
38708.2 1
0 0
125864 1
0 0
202700 1
0 0
2.24259e+06 1
0 0
2.93425e+06 1
0 0
810141 1
0 0
166731 1
0 0
29751.4 1
0 0
52762 1
0 0
47301.4 1
0 0
1.60664e+06 1
0 0
1.97872e+06 1
0 0
17286.9 1
0 0
10798.6 1
0 0
3181.61 1
0 0
1250.99 1
0 0
18196.2 1
0 0
36804.1 1
0 0
25080.3 1
0 0
33723.4 1
0 0
120740 1
0 0
18000.7 1
0 0
21867.2 1
0 0
46577.2 1
0 0
25427.1 1
0 0
739656 1
0 0
1.16458e+06 1
0 0
927380 1
0 0
35535 1
0 0
62927.8 1
0 0
113294 1
0 0
133774 1
0 0
345890 1
0 0
12490.5 1
0 0
4619.8 1
0 0
4742.28 1
0 0
5808.81 1
0 0
7184.43 1
0 0
155136 1
0 0
279536 1
0 0
417397 1
0 0
51677.2 1
0 0
13260.4 1
0 0
250.347 1
0 0
12837.1 1
0 0
55228.3 1
0 0
1.8077e+06 1
0 0
2.91133e+06 1
0 0
2.47231e+06 1
0 0
483.171 1
0 0
1314.6 1
0 0
1724.08 1
0 0
1876.02 1
0 0
7737.93 1
0 0
14067.1 1
0 0
8154.31 1
0 0
4.69922e+06 0
0 0
160448 1
0 0
2.60251e+06 1
0 0
5.37109e+06 1
0 0
2.97752e+06 1
0 0
243305 1
0 0
189040 1
0 0
16180.6 1
0 0
30477.2 1
0 0
15264.5 1
0 0
166527 1
0 0
226838 1
0 0
44347.9 1
0 0
8168.52 1
0 0
11524.2 1
0 0
16062.4 1
0 0
27529.7 1
0 0
8268.83 1
0 0
56272.9 1
0 0
125788 1
0 0
2674.24 1
0 0
68354.1 1
0 0
249998 1
0 0
19564.1 1
0 0
8475.36 1
0 0
983967 1
0 0
1.67301e+06 1
0 0
2.06097e+06 1
0 0
2.38377e+06 1
0 0
3.05463e+06 1
0 0
333286 1
0 0
1.60263e+06 1
0 0
51861.8 1
0 0
4262.53 1
0 0
15942 1
0 0
195.494 1
0 0
1702.88 1
0 0
1383.44 1
0 0
776.272 1
0 0
3229.14 1
0 0
150.091 1
0 0
5996.32 1
0 0
87826.9 1
0 0
2.40071e+06 1
0 0
3.46126e+06 1
0 0
342487 1
0 0
492800 1
0 0
100266 1
0 0
105488 0
0 0
22757.5 1
0 0
28869.6 1
0 0
24831.3 1
0 0
7788.14 1
0 0
470.824 1
0 0
424.11 1
0 0
3844.09 1
0 0
1.70947e+06 1
0 0
2.11471e+06 1
0 0
1.44256e+06 1
0 0
180.894 0
0 0
853.192 1
0 0
1757.54 1
0 0
4696.59 1
0 0
10206.7 1
0 0
776.954 1
0 0
601.111 1
0 0
971.207 1
0 0
16560.7 1
0 0
60949.8 1
0 0
30.9306 1
0 0
984.531 1
0 0
2163.88 1
0 0
1.44792e+06 1
0 0
2.07967e+06 1
0 0
2.42928e+06 1
0 0
3.10483e+06 1
0 0
1058.24 1
0 0
6329.72 1
0 0
11017.1 1
0 0
609.035 1
0 0
594.356 1
0 0
13375.8 1
0 0
8942.16 1
0 0
5109.89 1
0 0
10869.3 1
0 0
2.439e+06 1
0 0
3.12472e+06 1
0 0
2882.42 1
0 0
1295.98 1
0 0
1886.88 1
0 0
68505 1
0 0
454313 1
0 0
121304 1
0 0
4.04797e+06 1
